(kicad_pcb (version 20171130) (host pcbnew "(5.1.9-0-10_14)")

  (general
    (thickness 1.6)
    (drawings 0)
    (tracks 0)
    (zones 0)
    (modules 81)
    (nets 113)
  )

  (page A4)
  (layers
    (0 F.Cu signal)
    (1 In1.Cu power)
    (2 In2.Cu mixed)
    (31 B.Cu signal)
    (32 B.Adhes user)
    (33 F.Adhes user)
    (34 B.Paste user)
    (35 F.Paste user)
    (36 B.SilkS user)
    (37 F.SilkS user)
    (38 B.Mask user)
    (39 F.Mask user)
    (40 Dwgs.User user)
    (41 Cmts.User user)
    (42 Eco1.User user)
    (43 Eco2.User user)
    (44 Edge.Cuts user)
    (45 Margin user)
    (46 B.CrtYd user)
    (47 F.CrtYd user)
    (48 B.Fab user)
    (49 F.Fab user)
  )

  (setup
    (last_trace_width 0.4)
    (user_trace_width 0.15)
    (user_trace_width 0.2)
    (user_trace_width 0.3)
    (user_trace_width 0.35)
    (user_trace_width 0.4)
    (user_trace_width 0.55)
    (user_trace_width 1)
    (trace_clearance 0.2)
    (zone_clearance 0.508)
    (zone_45_only no)
    (trace_min 0.1)
    (via_size 0.7)
    (via_drill 0.4)
    (via_min_size 0.3)
    (via_min_drill 0.127)
    (user_via 0.4 0.2)
    (user_via 0.7 0.4)
    (user_via 1 0.55)
    (uvia_size 0.3)
    (uvia_drill 0.1)
    (uvias_allowed no)
    (uvia_min_size 0.2)
    (uvia_min_drill 0.1)
    (edge_width 0.05)
    (segment_width 0.2)
    (pcb_text_width 0.3)
    (pcb_text_size 1.5 1.5)
    (mod_edge_width 0.12)
    (mod_text_size 1 1)
    (mod_text_width 0.15)
    (pad_size 1.524 1.524)
    (pad_drill 0.762)
    (pad_to_mask_clearance 0.051)
    (solder_mask_min_width 0.25)
    (aux_axis_origin 0 0)
    (visible_elements FFFFFF7F)
    (pcbplotparams
      (layerselection 0x010fc_ffffffff)
      (usegerberextensions false)
      (usegerberattributes true)
      (usegerberadvancedattributes true)
      (creategerberjobfile true)
      (excludeedgelayer true)
      (linewidth 0.100000)
      (plotframeref false)
      (viasonmask false)
      (mode 1)
      (useauxorigin false)
      (hpglpennumber 1)
      (hpglpenspeed 20)
      (hpglpendiameter 15.000000)
      (psnegative false)
      (psa4output false)
      (plotreference true)
      (plotvalue true)
      (plotinvisibletext false)
      (padsonsilk false)
      (subtractmaskfromsilk false)
      (outputformat 1)
      (mirror false)
      (drillshape 1)
      (scaleselection 1)
      (outputdirectory ""))
  )

  (net 0 "")
  (net 1 +12V)
  (net 2 GND)
  (net 3 "Net-(C2-Pad2)")
  (net 4 +5V)
  (net 5 /CB2)
  (net 6 +1V8)
  (net 7 +3V3)
  (net 8 +5VA)
  (net 9 +2V5)
  (net 10 "Net-(D1-Pad2)")
  (net 11 "Net-(D2-Pad1)")
  (net 12 "Net-(J1-Pad1)")
  (net 13 /RF)
  (net 14 /PHI2O)
  (net 15 /RESET)
  (net 16 /SYNC)
  (net 17 /PHI1O)
  (net 18 /IQR)
  (net 19 /VMA)
  (net 20 /NMI)
  (net 21 /D6)
  (net 22 /D5)
  (net 23 /D4)
  (net 24 /D3)
  (net 25 /D7)
  (net 26 /RDY)
  (net 27 /D2)
  (net 28 /D1)
  (net 29 /$A000)
  (net 30 /DMA)
  (net 31 /RW)
  (net 32 /D0)
  (net 33 /A11)
  (net 34 /A10)
  (net 35 /A6)
  (net 36 /A7)
  (net 37 /A8)
  (net 38 /A9)
  (net 39 /A15)
  (net 40 /A14)
  (net 41 /A13)
  (net 42 /A12)
  (net 43 /A3)
  (net 44 /A2)
  (net 45 /A1)
  (net 46 /A0)
  (net 47 /A4)
  (net 48 /A5)
  (net 49 /PHI2)
  (net 50 /$B000)
  (net 51 -12V)
  (net 52 /$C000)
  (net 53 /RaspberryPi/USB_D-)
  (net 54 /RaspberryPi/USB_D+)
  (net 55 /RaspberryPi/TVDAC)
  (net 56 /RaspberryPi/SDX_D2)
  (net 57 /RaspberryPi/SDX_D1)
  (net 58 /RaspberryPi/SDX_D3)
  (net 59 /RaspberryPi/SDX_CMD)
  (net 60 /RaspberryPi/SDX_CLK)
  (net 61 /RaspberryPi/SDX_D0)
  (net 62 /RaspberryPi/HDMI_D2_P)
  (net 63 /RaspberryPi/HDMI_D2_N)
  (net 64 /RaspberryPi/HDMI_D1_P)
  (net 65 /RaspberryPi/HDMI_D1_N)
  (net 66 /RaspberryPi/HDMI_D0_P)
  (net 67 /RaspberryPi/HDMI_D0_N)
  (net 68 /RaspberryPi/HDMI_CLK_P)
  (net 69 /RaspberryPi/HDMI_CLK_N)
  (net 70 "Net-(J9-Pad13)")
  (net 71 /RaspberryPi/HDMI_SCL)
  (net 72 /RaspberryPi/HDMI_SDA)
  (net 73 "Net-(J9-Pad19)")
  (net 74 "Net-(L1-Pad1)")
  (net 75 "Net-(L2-Pad1)")
  (net 76 /RaspberryPi/HDMI_CEC)
  (net 77 /RaspberryPi/HDMI_HPD_N)
  (net 78 /PB0)
  (net 79 /PB1)
  (net 80 /PB2)
  (net 81 /PB3)
  (net 82 /PB4)
  (net 83 /PB5)
  (net 84 /PB6)
  (net 85 /DA)
  (net 86 "Net-(R15-Pad1)")
  (net 87 "Net-(R16-Pad1)")
  (net 88 "Net-(R17-Pad1)")
  (net 89 "Net-(R18-Pad1)")
  (net 90 "Net-(R20-Pad1)")
  (net 91 "Net-(R21-Pad1)")
  (net 92 "Net-(R22-Pad1)")
  (net 93 "Net-(R23-Pad1)")
  (net 94 "Net-(R24-Pad1)")
  (net 95 "Net-(R25-Pad1)")
  (net 96 /STROBE)
  (net 97 /PA0)
  (net 98 /RaspberryPi/CLEAR)
  (net 99 /$E000)
  (net 100 /$D000)
  (net 101 /$F000)
  (net 102 /WE)
  (net 103 "Net-(U4-Pad13)")
  (net 104 "Net-(U4-Pad3)")
  (net 105 "Net-(U4-Pad6)")
  (net 106 /RDA)
  (net 107 /PA6)
  (net 108 /PA5)
  (net 109 /PA4)
  (net 110 /PA3)
  (net 111 /PA2)
  (net 112 /PA1)

  (net_class Default "This is the default net class."
    (clearance 0.2)
    (trace_width 0.4)
    (via_dia 0.7)
    (via_drill 0.4)
    (uvia_dia 0.3)
    (uvia_drill 0.1)
    (add_net +12V)
    (add_net +1V8)
    (add_net +2V5)
    (add_net +3V3)
    (add_net +5V)
    (add_net +5VA)
    (add_net -12V)
    (add_net /$A000)
    (add_net /$B000)
    (add_net /$C000)
    (add_net /$D000)
    (add_net /$E000)
    (add_net /$F000)
    (add_net /A0)
    (add_net /A1)
    (add_net /A10)
    (add_net /A11)
    (add_net /A12)
    (add_net /A13)
    (add_net /A14)
    (add_net /A15)
    (add_net /A2)
    (add_net /A3)
    (add_net /A4)
    (add_net /A5)
    (add_net /A6)
    (add_net /A7)
    (add_net /A8)
    (add_net /A9)
    (add_net /CB2)
    (add_net /D0)
    (add_net /D1)
    (add_net /D2)
    (add_net /D3)
    (add_net /D4)
    (add_net /D5)
    (add_net /D6)
    (add_net /D7)
    (add_net /DA)
    (add_net /DMA)
    (add_net /IQR)
    (add_net /NMI)
    (add_net /PA0)
    (add_net /PA1)
    (add_net /PA2)
    (add_net /PA3)
    (add_net /PA4)
    (add_net /PA5)
    (add_net /PA6)
    (add_net /PB0)
    (add_net /PB1)
    (add_net /PB2)
    (add_net /PB3)
    (add_net /PB4)
    (add_net /PB5)
    (add_net /PB6)
    (add_net /PHI1O)
    (add_net /PHI2)
    (add_net /PHI2O)
    (add_net /RDA)
    (add_net /RDY)
    (add_net /RESET)
    (add_net /RF)
    (add_net /RW)
    (add_net /RaspberryPi/CLEAR)
    (add_net /RaspberryPi/HDMI_CEC)
    (add_net /RaspberryPi/HDMI_CLK_N)
    (add_net /RaspberryPi/HDMI_CLK_P)
    (add_net /RaspberryPi/HDMI_D0_N)
    (add_net /RaspberryPi/HDMI_D0_P)
    (add_net /RaspberryPi/HDMI_D1_N)
    (add_net /RaspberryPi/HDMI_D1_P)
    (add_net /RaspberryPi/HDMI_D2_N)
    (add_net /RaspberryPi/HDMI_D2_P)
    (add_net /RaspberryPi/HDMI_HPD_N)
    (add_net /RaspberryPi/HDMI_SCL)
    (add_net /RaspberryPi/HDMI_SDA)
    (add_net /RaspberryPi/SDX_CLK)
    (add_net /RaspberryPi/SDX_CMD)
    (add_net /RaspberryPi/SDX_D0)
    (add_net /RaspberryPi/SDX_D1)
    (add_net /RaspberryPi/SDX_D2)
    (add_net /RaspberryPi/SDX_D3)
    (add_net /RaspberryPi/TVDAC)
    (add_net /RaspberryPi/USB_D+)
    (add_net /RaspberryPi/USB_D-)
    (add_net /STROBE)
    (add_net /SYNC)
    (add_net /VMA)
    (add_net /WE)
    (add_net GND)
    (add_net "Net-(C2-Pad2)")
    (add_net "Net-(D1-Pad2)")
    (add_net "Net-(D2-Pad1)")
    (add_net "Net-(J1-Pad1)")
    (add_net "Net-(J9-Pad13)")
    (add_net "Net-(J9-Pad19)")
    (add_net "Net-(L1-Pad1)")
    (add_net "Net-(L2-Pad1)")
    (add_net "Net-(R15-Pad1)")
    (add_net "Net-(R16-Pad1)")
    (add_net "Net-(R17-Pad1)")
    (add_net "Net-(R18-Pad1)")
    (add_net "Net-(R20-Pad1)")
    (add_net "Net-(R21-Pad1)")
    (add_net "Net-(R22-Pad1)")
    (add_net "Net-(R23-Pad1)")
    (add_net "Net-(R24-Pad1)")
    (add_net "Net-(R25-Pad1)")
    (add_net "Net-(U4-Pad13)")
    (add_net "Net-(U4-Pad3)")
    (add_net "Net-(U4-Pad6)")
  )

  (net_class HDMI_dPair ""
    (clearance 0.2)
    (trace_width 0.2)
    (via_dia 0.5)
    (via_drill 0.2)
    (uvia_dia 0.3)
    (uvia_drill 0.1)
    (diff_pair_width 0.2)
    (diff_pair_gap 0.05)
  )

  (net_class PWR ""
    (clearance 0.2)
    (trace_width 1)
    (via_dia 1)
    (via_drill 0.6)
    (uvia_dia 0.3)
    (uvia_drill 0.1)
    (diff_pair_width 0.4)
    (diff_pair_gap 0.25)
  )

  (net_class USB_dPair ""
    (clearance 0.2)
    (trace_width 0.2)
    (via_dia 1)
    (via_drill 0.6)
    (uvia_dia 0.3)
    (uvia_drill 0.1)
    (diff_pair_width 0.4)
    (diff_pair_gap 0.12)
  )

  (module Capacitor_SMD:C_0603_1608Metric_Pad1.08x0.95mm_HandSolder (layer F.Cu) (tedit 5F68FEEF) (tstamp 6042E850)
    (at 34.314001 106.626001)
    (descr "Capacitor SMD 0603 (1608 Metric), square (rectangular) end terminal, IPC_7351 nominal with elongated pad for handsoldering. (Body size source: IPC-SM-782 page 76, https://www.pcb-3d.com/wordpress/wp-content/uploads/ipc-sm-782a_amendment_1_and_2.pdf), generated with kicad-footprint-generator")
    (tags "capacitor handsolder")
    (path /615076D9)
    (attr smd)
    (fp_text reference C1 (at 0 -1.43) (layer F.SilkS)
      (effects (font (size 1 1) (thickness 0.15)))
    )
    (fp_text value 0.33uF (at 0 1.43) (layer F.Fab)
      (effects (font (size 1 1) (thickness 0.15)))
    )
    (fp_line (start 1.65 0.73) (end -1.65 0.73) (layer F.CrtYd) (width 0.05))
    (fp_line (start 1.65 -0.73) (end 1.65 0.73) (layer F.CrtYd) (width 0.05))
    (fp_line (start -1.65 -0.73) (end 1.65 -0.73) (layer F.CrtYd) (width 0.05))
    (fp_line (start -1.65 0.73) (end -1.65 -0.73) (layer F.CrtYd) (width 0.05))
    (fp_line (start -0.146267 0.51) (end 0.146267 0.51) (layer F.SilkS) (width 0.12))
    (fp_line (start -0.146267 -0.51) (end 0.146267 -0.51) (layer F.SilkS) (width 0.12))
    (fp_line (start 0.8 0.4) (end -0.8 0.4) (layer F.Fab) (width 0.1))
    (fp_line (start 0.8 -0.4) (end 0.8 0.4) (layer F.Fab) (width 0.1))
    (fp_line (start -0.8 -0.4) (end 0.8 -0.4) (layer F.Fab) (width 0.1))
    (fp_line (start -0.8 0.4) (end -0.8 -0.4) (layer F.Fab) (width 0.1))
    (fp_text user %R (at 0 0) (layer F.Fab)
      (effects (font (size 0.4 0.4) (thickness 0.06)))
    )
    (pad 1 smd roundrect (at -0.8625 0) (size 1.075 0.95) (layers F.Cu F.Paste F.Mask) (roundrect_rratio 0.25)
      (net 1 +12V))
    (pad 2 smd roundrect (at 0.8625 0) (size 1.075 0.95) (layers F.Cu F.Paste F.Mask) (roundrect_rratio 0.25)
      (net 2 GND))
    (model ${KISYS3DMOD}/Capacitor_SMD.3dshapes/C_0603_1608Metric.wrl
      (at (xyz 0 0 0))
      (scale (xyz 1 1 1))
      (rotate (xyz 0 0 0))
    )
  )

  (module Capacitor_SMD:C_0603_1608Metric_Pad1.08x0.95mm_HandSolder (layer F.Cu) (tedit 5F68FEEF) (tstamp 6042E861)
    (at 121.814001 54.126001)
    (descr "Capacitor SMD 0603 (1608 Metric), square (rectangular) end terminal, IPC_7351 nominal with elongated pad for handsoldering. (Body size source: IPC-SM-782 page 76, https://www.pcb-3d.com/wordpress/wp-content/uploads/ipc-sm-782a_amendment_1_and_2.pdf), generated with kicad-footprint-generator")
    (tags "capacitor handsolder")
    (path /609C9BA4)
    (attr smd)
    (fp_text reference C2 (at 0 -1.43) (layer F.SilkS)
      (effects (font (size 1 1) (thickness 0.15)))
    )
    (fp_text value 0.1uF (at 0 1.43) (layer F.Fab)
      (effects (font (size 1 1) (thickness 0.15)))
    )
    (fp_line (start 1.65 0.73) (end -1.65 0.73) (layer F.CrtYd) (width 0.05))
    (fp_line (start 1.65 -0.73) (end 1.65 0.73) (layer F.CrtYd) (width 0.05))
    (fp_line (start -1.65 -0.73) (end 1.65 -0.73) (layer F.CrtYd) (width 0.05))
    (fp_line (start -1.65 0.73) (end -1.65 -0.73) (layer F.CrtYd) (width 0.05))
    (fp_line (start -0.146267 0.51) (end 0.146267 0.51) (layer F.SilkS) (width 0.12))
    (fp_line (start -0.146267 -0.51) (end 0.146267 -0.51) (layer F.SilkS) (width 0.12))
    (fp_line (start 0.8 0.4) (end -0.8 0.4) (layer F.Fab) (width 0.1))
    (fp_line (start 0.8 -0.4) (end 0.8 0.4) (layer F.Fab) (width 0.1))
    (fp_line (start -0.8 -0.4) (end 0.8 -0.4) (layer F.Fab) (width 0.1))
    (fp_line (start -0.8 0.4) (end -0.8 -0.4) (layer F.Fab) (width 0.1))
    (fp_text user %R (at 0 0) (layer F.Fab)
      (effects (font (size 0.4 0.4) (thickness 0.06)))
    )
    (pad 1 smd roundrect (at -0.8625 0) (size 1.075 0.95) (layers F.Cu F.Paste F.Mask) (roundrect_rratio 0.25)
      (net 2 GND))
    (pad 2 smd roundrect (at 0.8625 0) (size 1.075 0.95) (layers F.Cu F.Paste F.Mask) (roundrect_rratio 0.25)
      (net 3 "Net-(C2-Pad2)"))
    (model ${KISYS3DMOD}/Capacitor_SMD.3dshapes/C_0603_1608Metric.wrl
      (at (xyz 0 0 0))
      (scale (xyz 1 1 1))
      (rotate (xyz 0 0 0))
    )
  )

  (module Capacitor_SMD:C_0603_1608Metric_Pad1.08x0.95mm_HandSolder (layer F.Cu) (tedit 5F68FEEF) (tstamp 6042E872)
    (at 117.464001 54.126001)
    (descr "Capacitor SMD 0603 (1608 Metric), square (rectangular) end terminal, IPC_7351 nominal with elongated pad for handsoldering. (Body size source: IPC-SM-782 page 76, https://www.pcb-3d.com/wordpress/wp-content/uploads/ipc-sm-782a_amendment_1_and_2.pdf), generated with kicad-footprint-generator")
    (tags "capacitor handsolder")
    (path /609648D6)
    (attr smd)
    (fp_text reference C3 (at 0 -1.43) (layer F.SilkS)
      (effects (font (size 1 1) (thickness 0.15)))
    )
    (fp_text value 0.1uF (at 0 1.43) (layer F.Fab)
      (effects (font (size 1 1) (thickness 0.15)))
    )
    (fp_text user %R (at 0 0) (layer F.Fab)
      (effects (font (size 0.4 0.4) (thickness 0.06)))
    )
    (fp_line (start -0.8 0.4) (end -0.8 -0.4) (layer F.Fab) (width 0.1))
    (fp_line (start -0.8 -0.4) (end 0.8 -0.4) (layer F.Fab) (width 0.1))
    (fp_line (start 0.8 -0.4) (end 0.8 0.4) (layer F.Fab) (width 0.1))
    (fp_line (start 0.8 0.4) (end -0.8 0.4) (layer F.Fab) (width 0.1))
    (fp_line (start -0.146267 -0.51) (end 0.146267 -0.51) (layer F.SilkS) (width 0.12))
    (fp_line (start -0.146267 0.51) (end 0.146267 0.51) (layer F.SilkS) (width 0.12))
    (fp_line (start -1.65 0.73) (end -1.65 -0.73) (layer F.CrtYd) (width 0.05))
    (fp_line (start -1.65 -0.73) (end 1.65 -0.73) (layer F.CrtYd) (width 0.05))
    (fp_line (start 1.65 -0.73) (end 1.65 0.73) (layer F.CrtYd) (width 0.05))
    (fp_line (start 1.65 0.73) (end -1.65 0.73) (layer F.CrtYd) (width 0.05))
    (pad 2 smd roundrect (at 0.8625 0) (size 1.075 0.95) (layers F.Cu F.Paste F.Mask) (roundrect_rratio 0.25)
      (net 2 GND))
    (pad 1 smd roundrect (at -0.8625 0) (size 1.075 0.95) (layers F.Cu F.Paste F.Mask) (roundrect_rratio 0.25)
      (net 4 +5V))
    (model ${KISYS3DMOD}/Capacitor_SMD.3dshapes/C_0603_1608Metric.wrl
      (at (xyz 0 0 0))
      (scale (xyz 1 1 1))
      (rotate (xyz 0 0 0))
    )
  )

  (module Capacitor_THT:C_Rect_L7.0mm_W2.5mm_P5.00mm (layer F.Cu) (tedit 5AE50EF0) (tstamp 6042E885)
    (at 88.614001 88.596001)
    (descr "C, Rect series, Radial, pin pitch=5.00mm, , length*width=7*2.5mm^2, Capacitor")
    (tags "C Rect series Radial pin pitch 5.00mm  length 7mm width 2.5mm Capacitor")
    (path /5FA333CB)
    (fp_text reference C4 (at 2.5 -2.5) (layer F.SilkS)
      (effects (font (size 1 1) (thickness 0.15)))
    )
    (fp_text value 0.01uF (at 2.5 2.5) (layer F.Fab)
      (effects (font (size 1 1) (thickness 0.15)))
    )
    (fp_line (start 6.25 -1.5) (end -1.25 -1.5) (layer F.CrtYd) (width 0.05))
    (fp_line (start 6.25 1.5) (end 6.25 -1.5) (layer F.CrtYd) (width 0.05))
    (fp_line (start -1.25 1.5) (end 6.25 1.5) (layer F.CrtYd) (width 0.05))
    (fp_line (start -1.25 -1.5) (end -1.25 1.5) (layer F.CrtYd) (width 0.05))
    (fp_line (start 6.12 -1.37) (end 6.12 1.37) (layer F.SilkS) (width 0.12))
    (fp_line (start -1.12 -1.37) (end -1.12 1.37) (layer F.SilkS) (width 0.12))
    (fp_line (start -1.12 1.37) (end 6.12 1.37) (layer F.SilkS) (width 0.12))
    (fp_line (start -1.12 -1.37) (end 6.12 -1.37) (layer F.SilkS) (width 0.12))
    (fp_line (start 6 -1.25) (end -1 -1.25) (layer F.Fab) (width 0.1))
    (fp_line (start 6 1.25) (end 6 -1.25) (layer F.Fab) (width 0.1))
    (fp_line (start -1 1.25) (end 6 1.25) (layer F.Fab) (width 0.1))
    (fp_line (start -1 -1.25) (end -1 1.25) (layer F.Fab) (width 0.1))
    (fp_text user %R (at 2.5 0) (layer F.Fab)
      (effects (font (size 1 1) (thickness 0.15)))
    )
    (pad 1 thru_hole circle (at 0 0) (size 1.6 1.6) (drill 0.8) (layers *.Cu *.Mask)
      (net 5 /CB2))
    (pad 2 thru_hole circle (at 5 0) (size 1.6 1.6) (drill 0.8) (layers *.Cu *.Mask)
      (net 4 +5V))
    (model ${KISYS3DMOD}/Capacitor_THT.3dshapes/C_Rect_L7.0mm_W2.5mm_P5.00mm.wrl
      (at (xyz 0 0 0))
      (scale (xyz 1 1 1))
      (rotate (xyz 0 0 0))
    )
  )

  (module Capacitor_THT:C_Rect_L7.0mm_W2.5mm_P5.00mm (layer F.Cu) (tedit 5AE50EF0) (tstamp 6042E898)
    (at 97.164001 84.546001)
    (descr "C, Rect series, Radial, pin pitch=5.00mm, , length*width=7*2.5mm^2, Capacitor")
    (tags "C Rect series Radial pin pitch 5.00mm  length 7mm width 2.5mm Capacitor")
    (path /60E21EF8)
    (fp_text reference C5 (at 2.5 -2.5) (layer F.SilkS)
      (effects (font (size 1 1) (thickness 0.15)))
    )
    (fp_text value 0.1uF (at 2.5 2.5) (layer F.Fab)
      (effects (font (size 1 1) (thickness 0.15)))
    )
    (fp_text user %R (at 2.5 0) (layer F.Fab)
      (effects (font (size 1 1) (thickness 0.15)))
    )
    (fp_line (start -1 -1.25) (end -1 1.25) (layer F.Fab) (width 0.1))
    (fp_line (start -1 1.25) (end 6 1.25) (layer F.Fab) (width 0.1))
    (fp_line (start 6 1.25) (end 6 -1.25) (layer F.Fab) (width 0.1))
    (fp_line (start 6 -1.25) (end -1 -1.25) (layer F.Fab) (width 0.1))
    (fp_line (start -1.12 -1.37) (end 6.12 -1.37) (layer F.SilkS) (width 0.12))
    (fp_line (start -1.12 1.37) (end 6.12 1.37) (layer F.SilkS) (width 0.12))
    (fp_line (start -1.12 -1.37) (end -1.12 1.37) (layer F.SilkS) (width 0.12))
    (fp_line (start 6.12 -1.37) (end 6.12 1.37) (layer F.SilkS) (width 0.12))
    (fp_line (start -1.25 -1.5) (end -1.25 1.5) (layer F.CrtYd) (width 0.05))
    (fp_line (start -1.25 1.5) (end 6.25 1.5) (layer F.CrtYd) (width 0.05))
    (fp_line (start 6.25 1.5) (end 6.25 -1.5) (layer F.CrtYd) (width 0.05))
    (fp_line (start 6.25 -1.5) (end -1.25 -1.5) (layer F.CrtYd) (width 0.05))
    (pad 2 thru_hole circle (at 5 0) (size 1.6 1.6) (drill 0.8) (layers *.Cu *.Mask)
      (net 2 GND))
    (pad 1 thru_hole circle (at 0 0) (size 1.6 1.6) (drill 0.8) (layers *.Cu *.Mask)
      (net 4 +5V))
    (model ${KISYS3DMOD}/Capacitor_THT.3dshapes/C_Rect_L7.0mm_W2.5mm_P5.00mm.wrl
      (at (xyz 0 0 0))
      (scale (xyz 1 1 1))
      (rotate (xyz 0 0 0))
    )
  )

  (module Capacitor_THT:C_Rect_L7.0mm_W2.5mm_P5.00mm (layer F.Cu) (tedit 5AE50EF0) (tstamp 6042E8AB)
    (at 88.614001 84.546001)
    (descr "C, Rect series, Radial, pin pitch=5.00mm, , length*width=7*2.5mm^2, Capacitor")
    (tags "C Rect series Radial pin pitch 5.00mm  length 7mm width 2.5mm Capacitor")
    (path /60EA5021)
    (fp_text reference C6 (at 2.5 -2.5) (layer F.SilkS)
      (effects (font (size 1 1) (thickness 0.15)))
    )
    (fp_text value 0.1uF (at 2.5 2.5) (layer F.Fab)
      (effects (font (size 1 1) (thickness 0.15)))
    )
    (fp_line (start 6.25 -1.5) (end -1.25 -1.5) (layer F.CrtYd) (width 0.05))
    (fp_line (start 6.25 1.5) (end 6.25 -1.5) (layer F.CrtYd) (width 0.05))
    (fp_line (start -1.25 1.5) (end 6.25 1.5) (layer F.CrtYd) (width 0.05))
    (fp_line (start -1.25 -1.5) (end -1.25 1.5) (layer F.CrtYd) (width 0.05))
    (fp_line (start 6.12 -1.37) (end 6.12 1.37) (layer F.SilkS) (width 0.12))
    (fp_line (start -1.12 -1.37) (end -1.12 1.37) (layer F.SilkS) (width 0.12))
    (fp_line (start -1.12 1.37) (end 6.12 1.37) (layer F.SilkS) (width 0.12))
    (fp_line (start -1.12 -1.37) (end 6.12 -1.37) (layer F.SilkS) (width 0.12))
    (fp_line (start 6 -1.25) (end -1 -1.25) (layer F.Fab) (width 0.1))
    (fp_line (start 6 1.25) (end 6 -1.25) (layer F.Fab) (width 0.1))
    (fp_line (start -1 1.25) (end 6 1.25) (layer F.Fab) (width 0.1))
    (fp_line (start -1 -1.25) (end -1 1.25) (layer F.Fab) (width 0.1))
    (fp_text user %R (at 2.5 0) (layer F.Fab)
      (effects (font (size 1 1) (thickness 0.15)))
    )
    (pad 1 thru_hole circle (at 0 0) (size 1.6 1.6) (drill 0.8) (layers *.Cu *.Mask)
      (net 4 +5V))
    (pad 2 thru_hole circle (at 5 0) (size 1.6 1.6) (drill 0.8) (layers *.Cu *.Mask)
      (net 2 GND))
    (model ${KISYS3DMOD}/Capacitor_THT.3dshapes/C_Rect_L7.0mm_W2.5mm_P5.00mm.wrl
      (at (xyz 0 0 0))
      (scale (xyz 1 1 1))
      (rotate (xyz 0 0 0))
    )
  )

  (module Capacitor_THT:C_Rect_L7.0mm_W2.5mm_P5.00mm (layer F.Cu) (tedit 5AE50EF0) (tstamp 6042E8BE)
    (at 97.164001 80.496001)
    (descr "C, Rect series, Radial, pin pitch=5.00mm, , length*width=7*2.5mm^2, Capacitor")
    (tags "C Rect series Radial pin pitch 5.00mm  length 7mm width 2.5mm Capacitor")
    (path /60ED06DB)
    (fp_text reference C7 (at 2.5 -2.5) (layer F.SilkS)
      (effects (font (size 1 1) (thickness 0.15)))
    )
    (fp_text value 0.1uF (at 2.5 2.5) (layer F.Fab)
      (effects (font (size 1 1) (thickness 0.15)))
    )
    (fp_text user %R (at 2.5 0) (layer F.Fab)
      (effects (font (size 1 1) (thickness 0.15)))
    )
    (fp_line (start -1 -1.25) (end -1 1.25) (layer F.Fab) (width 0.1))
    (fp_line (start -1 1.25) (end 6 1.25) (layer F.Fab) (width 0.1))
    (fp_line (start 6 1.25) (end 6 -1.25) (layer F.Fab) (width 0.1))
    (fp_line (start 6 -1.25) (end -1 -1.25) (layer F.Fab) (width 0.1))
    (fp_line (start -1.12 -1.37) (end 6.12 -1.37) (layer F.SilkS) (width 0.12))
    (fp_line (start -1.12 1.37) (end 6.12 1.37) (layer F.SilkS) (width 0.12))
    (fp_line (start -1.12 -1.37) (end -1.12 1.37) (layer F.SilkS) (width 0.12))
    (fp_line (start 6.12 -1.37) (end 6.12 1.37) (layer F.SilkS) (width 0.12))
    (fp_line (start -1.25 -1.5) (end -1.25 1.5) (layer F.CrtYd) (width 0.05))
    (fp_line (start -1.25 1.5) (end 6.25 1.5) (layer F.CrtYd) (width 0.05))
    (fp_line (start 6.25 1.5) (end 6.25 -1.5) (layer F.CrtYd) (width 0.05))
    (fp_line (start 6.25 -1.5) (end -1.25 -1.5) (layer F.CrtYd) (width 0.05))
    (pad 2 thru_hole circle (at 5 0) (size 1.6 1.6) (drill 0.8) (layers *.Cu *.Mask)
      (net 2 GND))
    (pad 1 thru_hole circle (at 0 0) (size 1.6 1.6) (drill 0.8) (layers *.Cu *.Mask)
      (net 4 +5V))
    (model ${KISYS3DMOD}/Capacitor_THT.3dshapes/C_Rect_L7.0mm_W2.5mm_P5.00mm.wrl
      (at (xyz 0 0 0))
      (scale (xyz 1 1 1))
      (rotate (xyz 0 0 0))
    )
  )

  (module Capacitor_THT:C_Rect_L7.0mm_W2.5mm_P5.00mm (layer F.Cu) (tedit 5AE50EF0) (tstamp 6042E8D1)
    (at 88.614001 80.496001)
    (descr "C, Rect series, Radial, pin pitch=5.00mm, , length*width=7*2.5mm^2, Capacitor")
    (tags "C Rect series Radial pin pitch 5.00mm  length 7mm width 2.5mm Capacitor")
    (path /60ED06E1)
    (fp_text reference C8 (at 2.5 -2.5) (layer F.SilkS)
      (effects (font (size 1 1) (thickness 0.15)))
    )
    (fp_text value 0.1uF (at 2.5 2.5) (layer F.Fab)
      (effects (font (size 1 1) (thickness 0.15)))
    )
    (fp_line (start 6.25 -1.5) (end -1.25 -1.5) (layer F.CrtYd) (width 0.05))
    (fp_line (start 6.25 1.5) (end 6.25 -1.5) (layer F.CrtYd) (width 0.05))
    (fp_line (start -1.25 1.5) (end 6.25 1.5) (layer F.CrtYd) (width 0.05))
    (fp_line (start -1.25 -1.5) (end -1.25 1.5) (layer F.CrtYd) (width 0.05))
    (fp_line (start 6.12 -1.37) (end 6.12 1.37) (layer F.SilkS) (width 0.12))
    (fp_line (start -1.12 -1.37) (end -1.12 1.37) (layer F.SilkS) (width 0.12))
    (fp_line (start -1.12 1.37) (end 6.12 1.37) (layer F.SilkS) (width 0.12))
    (fp_line (start -1.12 -1.37) (end 6.12 -1.37) (layer F.SilkS) (width 0.12))
    (fp_line (start 6 -1.25) (end -1 -1.25) (layer F.Fab) (width 0.1))
    (fp_line (start 6 1.25) (end 6 -1.25) (layer F.Fab) (width 0.1))
    (fp_line (start -1 1.25) (end 6 1.25) (layer F.Fab) (width 0.1))
    (fp_line (start -1 -1.25) (end -1 1.25) (layer F.Fab) (width 0.1))
    (fp_text user %R (at 2.5 0) (layer F.Fab)
      (effects (font (size 1 1) (thickness 0.15)))
    )
    (pad 1 thru_hole circle (at 0 0) (size 1.6 1.6) (drill 0.8) (layers *.Cu *.Mask)
      (net 4 +5V))
    (pad 2 thru_hole circle (at 5 0) (size 1.6 1.6) (drill 0.8) (layers *.Cu *.Mask)
      (net 2 GND))
    (model ${KISYS3DMOD}/Capacitor_THT.3dshapes/C_Rect_L7.0mm_W2.5mm_P5.00mm.wrl
      (at (xyz 0 0 0))
      (scale (xyz 1 1 1))
      (rotate (xyz 0 0 0))
    )
  )

  (module Capacitor_THT:C_Rect_L7.0mm_W2.5mm_P5.00mm (layer F.Cu) (tedit 5AE50EF0) (tstamp 6042E8E4)
    (at 107.524001 75.996001)
    (descr "C, Rect series, Radial, pin pitch=5.00mm, , length*width=7*2.5mm^2, Capacitor")
    (tags "C Rect series Radial pin pitch 5.00mm  length 7mm width 2.5mm Capacitor")
    (path /60EFC54B)
    (fp_text reference C9 (at 2.5 -2.5) (layer F.SilkS)
      (effects (font (size 1 1) (thickness 0.15)))
    )
    (fp_text value 0.1uF (at 2.5 2.5) (layer F.Fab)
      (effects (font (size 1 1) (thickness 0.15)))
    )
    (fp_text user %R (at 2.5 0) (layer F.Fab)
      (effects (font (size 1 1) (thickness 0.15)))
    )
    (fp_line (start -1 -1.25) (end -1 1.25) (layer F.Fab) (width 0.1))
    (fp_line (start -1 1.25) (end 6 1.25) (layer F.Fab) (width 0.1))
    (fp_line (start 6 1.25) (end 6 -1.25) (layer F.Fab) (width 0.1))
    (fp_line (start 6 -1.25) (end -1 -1.25) (layer F.Fab) (width 0.1))
    (fp_line (start -1.12 -1.37) (end 6.12 -1.37) (layer F.SilkS) (width 0.12))
    (fp_line (start -1.12 1.37) (end 6.12 1.37) (layer F.SilkS) (width 0.12))
    (fp_line (start -1.12 -1.37) (end -1.12 1.37) (layer F.SilkS) (width 0.12))
    (fp_line (start 6.12 -1.37) (end 6.12 1.37) (layer F.SilkS) (width 0.12))
    (fp_line (start -1.25 -1.5) (end -1.25 1.5) (layer F.CrtYd) (width 0.05))
    (fp_line (start -1.25 1.5) (end 6.25 1.5) (layer F.CrtYd) (width 0.05))
    (fp_line (start 6.25 1.5) (end 6.25 -1.5) (layer F.CrtYd) (width 0.05))
    (fp_line (start 6.25 -1.5) (end -1.25 -1.5) (layer F.CrtYd) (width 0.05))
    (pad 2 thru_hole circle (at 5 0) (size 1.6 1.6) (drill 0.8) (layers *.Cu *.Mask)
      (net 2 GND))
    (pad 1 thru_hole circle (at 0 0) (size 1.6 1.6) (drill 0.8) (layers *.Cu *.Mask)
      (net 4 +5V))
    (model ${KISYS3DMOD}/Capacitor_THT.3dshapes/C_Rect_L7.0mm_W2.5mm_P5.00mm.wrl
      (at (xyz 0 0 0))
      (scale (xyz 1 1 1))
      (rotate (xyz 0 0 0))
    )
  )

  (module Capacitor_THT:C_Rect_L7.0mm_W2.5mm_P5.00mm (layer F.Cu) (tedit 5AE50EF0) (tstamp 6042E8F7)
    (at 107.524001 71.946001)
    (descr "C, Rect series, Radial, pin pitch=5.00mm, , length*width=7*2.5mm^2, Capacitor")
    (tags "C Rect series Radial pin pitch 5.00mm  length 7mm width 2.5mm Capacitor")
    (path /60EFC551)
    (fp_text reference C10 (at 2.5 -2.5) (layer F.SilkS)
      (effects (font (size 1 1) (thickness 0.15)))
    )
    (fp_text value 0.1uF (at 2.5 2.5) (layer F.Fab)
      (effects (font (size 1 1) (thickness 0.15)))
    )
    (fp_line (start 6.25 -1.5) (end -1.25 -1.5) (layer F.CrtYd) (width 0.05))
    (fp_line (start 6.25 1.5) (end 6.25 -1.5) (layer F.CrtYd) (width 0.05))
    (fp_line (start -1.25 1.5) (end 6.25 1.5) (layer F.CrtYd) (width 0.05))
    (fp_line (start -1.25 -1.5) (end -1.25 1.5) (layer F.CrtYd) (width 0.05))
    (fp_line (start 6.12 -1.37) (end 6.12 1.37) (layer F.SilkS) (width 0.12))
    (fp_line (start -1.12 -1.37) (end -1.12 1.37) (layer F.SilkS) (width 0.12))
    (fp_line (start -1.12 1.37) (end 6.12 1.37) (layer F.SilkS) (width 0.12))
    (fp_line (start -1.12 -1.37) (end 6.12 -1.37) (layer F.SilkS) (width 0.12))
    (fp_line (start 6 -1.25) (end -1 -1.25) (layer F.Fab) (width 0.1))
    (fp_line (start 6 1.25) (end 6 -1.25) (layer F.Fab) (width 0.1))
    (fp_line (start -1 1.25) (end 6 1.25) (layer F.Fab) (width 0.1))
    (fp_line (start -1 -1.25) (end -1 1.25) (layer F.Fab) (width 0.1))
    (fp_text user %R (at 2.5 0) (layer F.Fab)
      (effects (font (size 1 1) (thickness 0.15)))
    )
    (pad 1 thru_hole circle (at 0 0) (size 1.6 1.6) (drill 0.8) (layers *.Cu *.Mask)
      (net 4 +5V))
    (pad 2 thru_hole circle (at 5 0) (size 1.6 1.6) (drill 0.8) (layers *.Cu *.Mask)
      (net 2 GND))
    (model ${KISYS3DMOD}/Capacitor_THT.3dshapes/C_Rect_L7.0mm_W2.5mm_P5.00mm.wrl
      (at (xyz 0 0 0))
      (scale (xyz 1 1 1))
      (rotate (xyz 0 0 0))
    )
  )

  (module Capacitor_SMD:C_0603_1608Metric_Pad1.08x0.95mm_HandSolder (layer F.Cu) (tedit 5F68FEEF) (tstamp 6042E908)
    (at 56.064001 105.336001)
    (descr "Capacitor SMD 0603 (1608 Metric), square (rectangular) end terminal, IPC_7351 nominal with elongated pad for handsoldering. (Body size source: IPC-SM-782 page 76, https://www.pcb-3d.com/wordpress/wp-content/uploads/ipc-sm-782a_amendment_1_and_2.pdf), generated with kicad-footprint-generator")
    (tags "capacitor handsolder")
    (path /609CB1E8)
    (attr smd)
    (fp_text reference C11 (at 0 -1.43) (layer F.SilkS)
      (effects (font (size 1 1) (thickness 0.15)))
    )
    (fp_text value 10uF (at 0 1.43) (layer F.Fab)
      (effects (font (size 1 1) (thickness 0.15)))
    )
    (fp_text user %R (at 0 0) (layer F.Fab)
      (effects (font (size 0.4 0.4) (thickness 0.06)))
    )
    (fp_line (start -0.8 0.4) (end -0.8 -0.4) (layer F.Fab) (width 0.1))
    (fp_line (start -0.8 -0.4) (end 0.8 -0.4) (layer F.Fab) (width 0.1))
    (fp_line (start 0.8 -0.4) (end 0.8 0.4) (layer F.Fab) (width 0.1))
    (fp_line (start 0.8 0.4) (end -0.8 0.4) (layer F.Fab) (width 0.1))
    (fp_line (start -0.146267 -0.51) (end 0.146267 -0.51) (layer F.SilkS) (width 0.12))
    (fp_line (start -0.146267 0.51) (end 0.146267 0.51) (layer F.SilkS) (width 0.12))
    (fp_line (start -1.65 0.73) (end -1.65 -0.73) (layer F.CrtYd) (width 0.05))
    (fp_line (start -1.65 -0.73) (end 1.65 -0.73) (layer F.CrtYd) (width 0.05))
    (fp_line (start 1.65 -0.73) (end 1.65 0.73) (layer F.CrtYd) (width 0.05))
    (fp_line (start 1.65 0.73) (end -1.65 0.73) (layer F.CrtYd) (width 0.05))
    (pad 2 smd roundrect (at 0.8625 0) (size 1.075 0.95) (layers F.Cu F.Paste F.Mask) (roundrect_rratio 0.25)
      (net 2 GND))
    (pad 1 smd roundrect (at -0.8625 0) (size 1.075 0.95) (layers F.Cu F.Paste F.Mask) (roundrect_rratio 0.25)
      (net 4 +5V))
    (model ${KISYS3DMOD}/Capacitor_SMD.3dshapes/C_0603_1608Metric.wrl
      (at (xyz 0 0 0))
      (scale (xyz 1 1 1))
      (rotate (xyz 0 0 0))
    )
  )

  (module Capacitor_SMD:C_0603_1608Metric_Pad1.08x0.95mm_HandSolder (layer F.Cu) (tedit 5F68FEEF) (tstamp 6042E919)
    (at 51.714001 106.626001)
    (descr "Capacitor SMD 0603 (1608 Metric), square (rectangular) end terminal, IPC_7351 nominal with elongated pad for handsoldering. (Body size source: IPC-SM-782 page 76, https://www.pcb-3d.com/wordpress/wp-content/uploads/ipc-sm-782a_amendment_1_and_2.pdf), generated with kicad-footprint-generator")
    (tags "capacitor handsolder")
    (path /609CBBB4)
    (attr smd)
    (fp_text reference C12 (at 0 -1.43) (layer F.SilkS)
      (effects (font (size 1 1) (thickness 0.15)))
    )
    (fp_text value 10uF (at 0 1.43) (layer F.Fab)
      (effects (font (size 1 1) (thickness 0.15)))
    )
    (fp_line (start 1.65 0.73) (end -1.65 0.73) (layer F.CrtYd) (width 0.05))
    (fp_line (start 1.65 -0.73) (end 1.65 0.73) (layer F.CrtYd) (width 0.05))
    (fp_line (start -1.65 -0.73) (end 1.65 -0.73) (layer F.CrtYd) (width 0.05))
    (fp_line (start -1.65 0.73) (end -1.65 -0.73) (layer F.CrtYd) (width 0.05))
    (fp_line (start -0.146267 0.51) (end 0.146267 0.51) (layer F.SilkS) (width 0.12))
    (fp_line (start -0.146267 -0.51) (end 0.146267 -0.51) (layer F.SilkS) (width 0.12))
    (fp_line (start 0.8 0.4) (end -0.8 0.4) (layer F.Fab) (width 0.1))
    (fp_line (start 0.8 -0.4) (end 0.8 0.4) (layer F.Fab) (width 0.1))
    (fp_line (start -0.8 -0.4) (end 0.8 -0.4) (layer F.Fab) (width 0.1))
    (fp_line (start -0.8 0.4) (end -0.8 -0.4) (layer F.Fab) (width 0.1))
    (fp_text user %R (at 0 0) (layer F.Fab)
      (effects (font (size 0.4 0.4) (thickness 0.06)))
    )
    (pad 1 smd roundrect (at -0.8625 0) (size 1.075 0.95) (layers F.Cu F.Paste F.Mask) (roundrect_rratio 0.25)
      (net 4 +5V))
    (pad 2 smd roundrect (at 0.8625 0) (size 1.075 0.95) (layers F.Cu F.Paste F.Mask) (roundrect_rratio 0.25)
      (net 2 GND))
    (model ${KISYS3DMOD}/Capacitor_SMD.3dshapes/C_0603_1608Metric.wrl
      (at (xyz 0 0 0))
      (scale (xyz 1 1 1))
      (rotate (xyz 0 0 0))
    )
  )

  (module Capacitor_SMD:C_1206_3216Metric (layer F.Cu) (tedit 5F68FEEE) (tstamp 6042E92A)
    (at 45.514001 155.146001)
    (descr "Capacitor SMD 1206 (3216 Metric), square (rectangular) end terminal, IPC_7351 nominal, (Body size source: IPC-SM-782 page 76, https://www.pcb-3d.com/wordpress/wp-content/uploads/ipc-sm-782a_amendment_1_and_2.pdf), generated with kicad-footprint-generator")
    (tags capacitor)
    (path /604C1F0C/605A0444)
    (attr smd)
    (fp_text reference C13 (at 0 -1.85) (layer F.SilkS)
      (effects (font (size 1 1) (thickness 0.15)))
    )
    (fp_text value 47uF (at 0 1.85) (layer F.Fab)
      (effects (font (size 1 1) (thickness 0.15)))
    )
    (fp_line (start 2.3 1.15) (end -2.3 1.15) (layer F.CrtYd) (width 0.05))
    (fp_line (start 2.3 -1.15) (end 2.3 1.15) (layer F.CrtYd) (width 0.05))
    (fp_line (start -2.3 -1.15) (end 2.3 -1.15) (layer F.CrtYd) (width 0.05))
    (fp_line (start -2.3 1.15) (end -2.3 -1.15) (layer F.CrtYd) (width 0.05))
    (fp_line (start -0.711252 0.91) (end 0.711252 0.91) (layer F.SilkS) (width 0.12))
    (fp_line (start -0.711252 -0.91) (end 0.711252 -0.91) (layer F.SilkS) (width 0.12))
    (fp_line (start 1.6 0.8) (end -1.6 0.8) (layer F.Fab) (width 0.1))
    (fp_line (start 1.6 -0.8) (end 1.6 0.8) (layer F.Fab) (width 0.1))
    (fp_line (start -1.6 -0.8) (end 1.6 -0.8) (layer F.Fab) (width 0.1))
    (fp_line (start -1.6 0.8) (end -1.6 -0.8) (layer F.Fab) (width 0.1))
    (fp_text user %R (at 0 0) (layer F.Fab)
      (effects (font (size 0.8 0.8) (thickness 0.12)))
    )
    (pad 1 smd roundrect (at -1.475 0) (size 1.15 1.8) (layers F.Cu F.Paste F.Mask) (roundrect_rratio 0.217391)
      (net 6 +1V8))
    (pad 2 smd roundrect (at 1.475 0) (size 1.15 1.8) (layers F.Cu F.Paste F.Mask) (roundrect_rratio 0.217391)
      (net 2 GND))
    (model ${KISYS3DMOD}/Capacitor_SMD.3dshapes/C_1206_3216Metric.wrl
      (at (xyz 0 0 0))
      (scale (xyz 1 1 1))
      (rotate (xyz 0 0 0))
    )
  )

  (module Capacitor_SMD:C_1206_3216Metric (layer F.Cu) (tedit 5F68FEEE) (tstamp 6042E93B)
    (at 108.164001 130.016001)
    (descr "Capacitor SMD 1206 (3216 Metric), square (rectangular) end terminal, IPC_7351 nominal, (Body size source: IPC-SM-782 page 76, https://www.pcb-3d.com/wordpress/wp-content/uploads/ipc-sm-782a_amendment_1_and_2.pdf), generated with kicad-footprint-generator")
    (tags capacitor)
    (path /604C1F0C/605A175B)
    (attr smd)
    (fp_text reference C14 (at 0 -1.85) (layer F.SilkS)
      (effects (font (size 1 1) (thickness 0.15)))
    )
    (fp_text value 47uF (at 0 1.85) (layer F.Fab)
      (effects (font (size 1 1) (thickness 0.15)))
    )
    (fp_text user %R (at 0 0) (layer F.Fab)
      (effects (font (size 0.8 0.8) (thickness 0.12)))
    )
    (fp_line (start -1.6 0.8) (end -1.6 -0.8) (layer F.Fab) (width 0.1))
    (fp_line (start -1.6 -0.8) (end 1.6 -0.8) (layer F.Fab) (width 0.1))
    (fp_line (start 1.6 -0.8) (end 1.6 0.8) (layer F.Fab) (width 0.1))
    (fp_line (start 1.6 0.8) (end -1.6 0.8) (layer F.Fab) (width 0.1))
    (fp_line (start -0.711252 -0.91) (end 0.711252 -0.91) (layer F.SilkS) (width 0.12))
    (fp_line (start -0.711252 0.91) (end 0.711252 0.91) (layer F.SilkS) (width 0.12))
    (fp_line (start -2.3 1.15) (end -2.3 -1.15) (layer F.CrtYd) (width 0.05))
    (fp_line (start -2.3 -1.15) (end 2.3 -1.15) (layer F.CrtYd) (width 0.05))
    (fp_line (start 2.3 -1.15) (end 2.3 1.15) (layer F.CrtYd) (width 0.05))
    (fp_line (start 2.3 1.15) (end -2.3 1.15) (layer F.CrtYd) (width 0.05))
    (pad 2 smd roundrect (at 1.475 0) (size 1.15 1.8) (layers F.Cu F.Paste F.Mask) (roundrect_rratio 0.217391)
      (net 2 GND))
    (pad 1 smd roundrect (at -1.475 0) (size 1.15 1.8) (layers F.Cu F.Paste F.Mask) (roundrect_rratio 0.217391)
      (net 7 +3V3))
    (model ${KISYS3DMOD}/Capacitor_SMD.3dshapes/C_1206_3216Metric.wrl
      (at (xyz 0 0 0))
      (scale (xyz 1 1 1))
      (rotate (xyz 0 0 0))
    )
  )

  (module Capacitor_SMD:C_1206_3216Metric (layer F.Cu) (tedit 5F68FEEE) (tstamp 6042E94C)
    (at 51.164001 155.146001)
    (descr "Capacitor SMD 1206 (3216 Metric), square (rectangular) end terminal, IPC_7351 nominal, (Body size source: IPC-SM-782 page 76, https://www.pcb-3d.com/wordpress/wp-content/uploads/ipc-sm-782a_amendment_1_and_2.pdf), generated with kicad-footprint-generator")
    (tags capacitor)
    (path /604C1F0C/605A5CE4)
    (attr smd)
    (fp_text reference C15 (at 0 -1.85) (layer F.SilkS)
      (effects (font (size 1 1) (thickness 0.15)))
    )
    (fp_text value 47uF (at 0 1.85) (layer F.Fab)
      (effects (font (size 1 1) (thickness 0.15)))
    )
    (fp_line (start 2.3 1.15) (end -2.3 1.15) (layer F.CrtYd) (width 0.05))
    (fp_line (start 2.3 -1.15) (end 2.3 1.15) (layer F.CrtYd) (width 0.05))
    (fp_line (start -2.3 -1.15) (end 2.3 -1.15) (layer F.CrtYd) (width 0.05))
    (fp_line (start -2.3 1.15) (end -2.3 -1.15) (layer F.CrtYd) (width 0.05))
    (fp_line (start -0.711252 0.91) (end 0.711252 0.91) (layer F.SilkS) (width 0.12))
    (fp_line (start -0.711252 -0.91) (end 0.711252 -0.91) (layer F.SilkS) (width 0.12))
    (fp_line (start 1.6 0.8) (end -1.6 0.8) (layer F.Fab) (width 0.1))
    (fp_line (start 1.6 -0.8) (end 1.6 0.8) (layer F.Fab) (width 0.1))
    (fp_line (start -1.6 -0.8) (end 1.6 -0.8) (layer F.Fab) (width 0.1))
    (fp_line (start -1.6 0.8) (end -1.6 -0.8) (layer F.Fab) (width 0.1))
    (fp_text user %R (at 0 0) (layer F.Fab)
      (effects (font (size 0.8 0.8) (thickness 0.12)))
    )
    (pad 1 smd roundrect (at -1.475 0) (size 1.15 1.8) (layers F.Cu F.Paste F.Mask) (roundrect_rratio 0.217391)
      (net 4 +5V))
    (pad 2 smd roundrect (at 1.475 0) (size 1.15 1.8) (layers F.Cu F.Paste F.Mask) (roundrect_rratio 0.217391)
      (net 2 GND))
    (model ${KISYS3DMOD}/Capacitor_SMD.3dshapes/C_1206_3216Metric.wrl
      (at (xyz 0 0 0))
      (scale (xyz 1 1 1))
      (rotate (xyz 0 0 0))
    )
  )

  (module Capacitor_SMD:C_0603_1608Metric_Pad1.08x0.95mm_HandSolder (layer F.Cu) (tedit 5F68FEEF) (tstamp 6042E95D)
    (at 101.824001 141.026001)
    (descr "Capacitor SMD 0603 (1608 Metric), square (rectangular) end terminal, IPC_7351 nominal with elongated pad for handsoldering. (Body size source: IPC-SM-782 page 76, https://www.pcb-3d.com/wordpress/wp-content/uploads/ipc-sm-782a_amendment_1_and_2.pdf), generated with kicad-footprint-generator")
    (tags "capacitor handsolder")
    (path /604C1F0C/60502566)
    (attr smd)
    (fp_text reference C16 (at 0 -1.43) (layer F.SilkS)
      (effects (font (size 1 1) (thickness 0.15)))
    )
    (fp_text value 4.7uF (at 0 1.43) (layer F.Fab)
      (effects (font (size 1 1) (thickness 0.15)))
    )
    (fp_text user %R (at 0 0) (layer F.Fab)
      (effects (font (size 0.4 0.4) (thickness 0.06)))
    )
    (fp_line (start -0.8 0.4) (end -0.8 -0.4) (layer F.Fab) (width 0.1))
    (fp_line (start -0.8 -0.4) (end 0.8 -0.4) (layer F.Fab) (width 0.1))
    (fp_line (start 0.8 -0.4) (end 0.8 0.4) (layer F.Fab) (width 0.1))
    (fp_line (start 0.8 0.4) (end -0.8 0.4) (layer F.Fab) (width 0.1))
    (fp_line (start -0.146267 -0.51) (end 0.146267 -0.51) (layer F.SilkS) (width 0.12))
    (fp_line (start -0.146267 0.51) (end 0.146267 0.51) (layer F.SilkS) (width 0.12))
    (fp_line (start -1.65 0.73) (end -1.65 -0.73) (layer F.CrtYd) (width 0.05))
    (fp_line (start -1.65 -0.73) (end 1.65 -0.73) (layer F.CrtYd) (width 0.05))
    (fp_line (start 1.65 -0.73) (end 1.65 0.73) (layer F.CrtYd) (width 0.05))
    (fp_line (start 1.65 0.73) (end -1.65 0.73) (layer F.CrtYd) (width 0.05))
    (pad 2 smd roundrect (at 0.8625 0) (size 1.075 0.95) (layers F.Cu F.Paste F.Mask) (roundrect_rratio 0.25)
      (net 2 GND))
    (pad 1 smd roundrect (at -0.8625 0) (size 1.075 0.95) (layers F.Cu F.Paste F.Mask) (roundrect_rratio 0.25)
      (net 7 +3V3))
    (model ${KISYS3DMOD}/Capacitor_SMD.3dshapes/C_0603_1608Metric.wrl
      (at (xyz 0 0 0))
      (scale (xyz 1 1 1))
